8.25
8.18
8.97
8.98
8.47
8.55
8.60
8.61
8.63
8.61
8.64
8.62
8.65
8.59
8.59
8.58
8.63
8.63
8.55
8.96
8.92
8.43
8.62
8.55
8.62
8.57
8.59
8.53
8.61
8.50
8.61
8.60
8.54
8.65
8.65
8.65
8.79
8.58
8.60
8.54
8.69
8.80
8.58
8.59
8.56
8.61
8.61
8.65
8.67
8.61
8.57
8.64
8.59
8.56
8.66
8.65
8.57
8.60
8.65
8.55
8.62
8.62
8.63
8.78
8.59
8.80
8.58
8.75
8.60
8.60
8.60
8.60
8.82
8.57
8.61
8.62
8.62
8.63
8.62
8.87
8.59
8.77
8.65
8.57
8.78
8.59
8.60
8.78
8.56
8.61
8.64
8.65
8.75
8.61
8.60
8.60
8.64
8.58
8.62
8.59
8.78
8.60
8.79
8.59
8.64
8.62
8.72
8.52
8.67
8.56
8.60
8.64
8.87
8.62
8.61
8.67
8.87
8.58
8.76
8.55
8.60
8.59
8.61
8.60
8.62
8.61
8.87
8.64
8.80
8.78
8.60
8.58
8.58
8.98
8.47
8.62
8.62
8.57
8.58
8.57
8.64
8.66
8.58
8.58
8.78
8.58
8.57
8.58
8.61
8.63
8.59
8.63
8.63
8.59
8.63
8.85
8.60
8.60
8.85
8.61
8.82
8.87
8.57
8.58
8.60
8.90
8.65
8.58
8.60
8.61
8.67
8.61
8.57
8.85
8.63
8.63
8.60
8.61
8.80
8.65
8.61
8.61
8.78
8.63
8.58
8.58
8.61
8.60
8.62
8.65
8.61
8.61
8.59
8.61
8.55
8.63
8.90
8.73
8.65
8.76
8.60
8.60
8.58
8.83
8.62
8.63
8.78
8.57
8.62
8.77
8.81
8.55
8.56
8.61
8.59
8.85
8.60
8.87
8.61
8.62
8.63
8.61
8.60
8.78
8.59
8.60
8.63
8.55
8.57
8.57
8.59
8.59
8.67
8.64
8.81
8.57
8.86
8.61
8.60
8.62
8.61
8.63
8.85
8.61
8.59
8.63
8.63
8.61
8.64
8.63
8.63
8.59
8.63
8.61
8.63
8.82
8.66
8.63
8.58
8.61
8.60
8.80
8.61
8.79
8.53
8.61
8.60
8.77
8.62
8.65
8.65
8.62
8.62
8.57
8.61
8.62
8.88
8.53
8.82
8.64
8.61
8.60
8.55
8.66
8.64
8.61
8.88
8.71
8.80
8.61
8.61
8.62
8.60
8.62
8.79
8.62
8.63
8.86
8.56
8.56
8.64
8.61
8.59
8.58
8.79
8.78
8.56
8.61
8.59
8.63
8.66
8.65
8.61
8.61
8.61
8.58
8.62
8.64
8.82
8.59
8.64
8.54
8.61
8.80
8.63
8.67
8.73
8.65
8.57
8.63
8.67
8.66
8.79
8.65
8.60
8.59
8.75
8.60
8.80
8.65
8.62
8.91
8.62
8.59
8.64
8.58
8.57
8.60
8.62
8.61
8.74
8.64
8.64
8.88
8.61
8.62
8.77
8.64
8.64
8.57
8.57
8.62
8.61
8.67
8.61
8.75
8.59
8.61
8.66
8.63
8.65
8.76
8.82
8.60
8.79
8.66
8.61
8.76
8.64
8.61
8.61
8.62
8.65
8.62
8.61
8.62
8.57
8.83
8.66
8.61
8.60
8.62
8.62
8.63
8.61
8.66
8.77
8.60
8.61
8.60
8.60
8.66
8.64
8.79
8.63
8.61
8.71
8.73
8.59
8.67
8.63
8.63
8.61
8.60
8.61
8.81
8.65
8.63
8.59
8.62
8.57
8.60
8.57
8.60
8.60
8.57
8.61
8.62
8.65
8.60
8.66
8.63
8.71
8.64
8.58
8.82
8.67
8.80
8.62
8.81
8.59
8.76
8.59
8.63
8.60
8.60
8.61
8.63
8.61
8.65
8.61
8.81
8.57
8.63
8.58
8.60
8.62
8.59
8.77
8.55
8.83
8.60
8.58
8.60
8.58
8.58
8.61
8.64
8.90
8.57
8.59
8.62
8.57
8.65
8.62
8.58
8.64
8.65
8.80
8.54
8.63
8.58
8.58
8.59
8.62
8.60
8.63
8.58
8.60
8.80
8.64
8.70
8.63
8.64
8.60
8.83
8.60
8.59
8.91
8.79
8.57
8.86
8.78
8.56
8.59
8.56
8.65
8.75
8.66
8.60
8.64
8.63
8.88
8.57
8.61
8.64
8.65
8.61
8.80
8.67
8.65
8.62
8.80
8.86
8.76
8.59
8.59
8.84
8.73
8.58
8.58
8.60
8.56
8.63
8.57
8.58
8.60
8.59
8.61
8.59
8.87
8.68
8.66
8.74
8.64
8.79
8.55
8.84
8.63
8.60
8.88
8.58
8.63
8.60
8.84
8.77
8.58
8.60
8.56
8.84
8.54
8.88
8.61
8.60
8.61
8.59
8.57
8.57
8.61
8.61
8.63
8.86
8.64
8.76
8.62
8.87
8.69
8.66
8.82
8.59
8.82
8.57
8.62
8.61
8.61
8.61
8.62
8.64
8.87
8.75
8.60
8.60
8.58
8.56
8.71
8.80
8.63
8.59
8.59
8.60
8.61
8.61
8.77
8.60
8.62
8.56
8.60
8.78
8.73
8.54
8.62
8.84
8.60
8.60
8.60
8.59
8.59
8.63
8.59
8.56
8.66
8.79
8.63
8.88
8.75
8.65
8.60
8.62
8.61
8.67
8.64
8.56
8.62
8.77
8.54
8.55
8.84
8.62
8.87
8.56
8.58
8.65
8.84
8.58
8.61
8.63
8.78
8.60
8.61
8.57
8.63
8.56
8.70
8.81
8.57
8.61
8.60
8.60
8.64
8.59
8.62
8.60
8.57
8.59
8.60
8.58
8.61
8.63
8.60
8.62
8.59
8.80
8.62
8.77
8.54
8.77
8.57
8.83
8.62
8.59
8.56
8.58
8.57
8.58
8.58
8.59
8.63
8.61
8.58
8.59
8.58
8.63
8.88
8.57
8.59
8.55
8.76
8.76
8.61
8.56
8.53
8.52
8.58
8.61
8.63
8.63
8.88
8.76
8.58
8.62
8.87
8.61
8.59
8.60
8.53
8.59
8.59
8.63
8.65
8.61
8.64
8.55
8.64
8.57
8.76
8.64
8.58
8.63
8.58
8.58
8.63
8.61
8.61
8.62
8.87
8.58
8.62
8.56
8.81
8.56
8.58
8.58
8.58
8.58
8.57
8.55
8.60
8.59
8.82
8.56
8.60
8.80
8.57
8.57
8.60
8.57
8.76
8.60
8.80
8.63
8.61
8.58
8.58
8.60
8.55
8.58
8.60
8.58
8.60
8.58
8.56
8.62
8.80
8.57
8.61
8.58
8.64
8.59
8.59
8.58
8.54
8.58
8.88
8.58
8.76
8.76
8.65
8.79
8.57
8.65
8.57
8.57
8.88
8.61
8.74
8.56
8.78
8.61
8.87
8.57
8.60
8.87
8.59
8.76
8.58
8.56
8.59
8.58
8.59
8.64
8.60
8.60
8.59
8.78
8.85
8.57
8.60
8.55
8.60
8.86
8.59
8.77
8.62
8.59
8.77
8.75
8.59
8.59
8.64
8.59
8.58
8.61
8.59
8.90
8.73
8.58
8.62
8.80
8.65
8.59
8.81
8.62
8.87
8.55
8.57
8.58
8.57
8.53
8.59
8.67
8.56
8.80
8.63
8.78
8.49
8.82
8.59
8.59
8.58
8.59
8.61
8.80
8.81
8.58
8.61
8.56
8.53
8.57
8.60
8.55
8.65
8.58
8.61
8.88
8.64
8.55
8.58
8.56
8.65
8.61
8.63
8.94
8.94
8.63
8.45
8.62
8.54
8.58
8.51
8.60
8.56
8.60
8.58
8.61
8.55
8.61
8.88
8.59
8.56
8.59
8.54
8.64
8.55
8.60
8.50
8.55
8.64
8.59
8.89
8.60
8.57
8.65
8.58
8.60
8.63
8.62
8.56
8.63
8.52
8.61
8.64
8.68
8.54
8.60
8.56
8.56
8.65
8.64
8.59
8.57
8.59
8.60
8.88
8.46
8.44
8.55
8.77
8.57
8.51
8.61
8.57
8.54
8.56
8.64
8.59
8.59
8.60
8.62
8.63
8.61
8.58
8.55
8.56
8.58
8.58
8.60
8.56
8.55
8.65
8.62
8.78
8.58
8.84
8.60
8.58
8.60
8.73
8.59
8.52
8.78
8.57
8.61
8.64
8.58
8.61
8.84
8.60
8.58
8.81
8.55
8.61
8.54
8.62
8.61
8.85
8.59
8.57
8.61
8.68
8.89
8.88
8.56
8.77
8.58
8.61
8.54
8.63
8.83
8.62
8.57
8.55
8.85
8.61
8.60
8.63
8.55
8.64
8.55
8.66
8.63
8.57
8.54
8.62
8.54
8.57
8.58
8.60
8.62
8.71
8.60
8.57
8.69
8.77
8.63
8.54
8.61
8.55
8.60
8.60
8.61
8.64
8.59
8.59
8.58
8.61
8.62
8.77
8.60
8.59
8.64
8.59
8.57
8.62
8.63
8.58
8.62
8.61
8.65
8.70
8.62
8.64
8.63
8.63
8.80
8.57
8.56
8.64
8.61
8.57
8.64
8.60
8.64
8.60
8.53
8.57
8.56
8.57
8.80
8.59
8.62
8.59
8.63
8.82
8.51
8.57
8.81
8.63
8.62
8.61
8.55
8.88
8.60
8.64
8.76
8.59
8.63
8.58
8.81
8.62
8.66
8.60
8.58
8.71
8.59
8.58
8.59
8.63
8.61
8.62
8.60
8.88
8.57
8.56
8.62
8.58
8.56
8.58
8.63
8.60
8.56
8.78
8.60
8.89
8.59
8.61
8.63
8.60
8.53
8.57
8.61
8.75
8.54
8.66
8.57
8.80
8.77
8.57
8.53
8.60
8.78
8.63
8.62
8.57
8.78
8.62
8.60
8.61
8.54
8.69
8.62
8.56
8.61
8.58
8.61
8.62
8.67
8.60
8.81
8.59
8.80
8.66
8.60
8.58
8.64
8.78
8.55
8.79
8.61
8.56
8.61
8.59
8.51
8.66
8.84
8.65
8.88
8.55
8.57
8.71
8.58
8.64
8.57
8.61
8.59
8.64
8.57
8.85
8.56
8.66
8.56
8.64
8.61
8.60
8.61
8.54
8.58
8.60
8.58
8.83
8.61
8.65
8.59
8.59
8.63
8.59
8.78
8.95
8.95
8.62
8.61
8.57
8.57
8.66
8.59
8.62
8.59
8.58
8.54
8.54
8.63
8.63
8.63
8.60
8.63
8.57
8.60
8.62
8.63
8.62
8.75
8.57
8.65
8.90
8.63
8.64
8.63
8.63
8.62
8.77
8.57
8.65
8.88
8.55
8.59
8.59
8.56
8.56
8.61
8.64
8.60
8.64
8.55
8.54
8.62
8.53
8.65
8.79
8.62
8.58
8.61
8.62
8.61
8.57
8.90
8.62
8.57
8.63
8.58
8.58
8.61
8.80
8.60
8.61
8.53
8.59
8.59
8.62
8.60
8.60
8.61
8.63
8.64
8.59
8.87
8.62
8.57
8.60
8.63
8.57
8.60
8.60
8.62
8.63
8.86
8.61
8.62
8.61
8.59
8.59
8.52
8.72
8.56
8.61
8.61
8.75
8.62
8.62
8.62
8.59
8.60
8.58
8.60
8.61
8.70
8.59
8.58
8.65
8.66
8.61
8.56
8.61
8.60
8.63
8.56
8.64
8.58
8.59
8.88
8.57
8.59
8.58
8.63
8.65
8.64
8.61
8.61
8.65
8.61
8.63
8.67
8.61
8.58
8.88
8.56
8.57
8.91
8.64
8.62
8.65
8.88
8.60
8.58
8.63
8.63
8.57
8.57
8.63
8.53
8.60
8.60
8.56
8.59
8.76
8.62
8.60
8.62
8.64
8.87
8.57
8.61
8.79
8.63
8.85
8.53
8.55
8.59
8.63
8.59
8.62
8.88
8.91
8.65
8.54
8.86
8.61
8.59
8.57
8.45
8.70
8.72
8.61
8.70
8.67
8.58
8.59
8.59
8.90
8.80
8.64
8.63
8.60
8.80
8.60
8.59
8.57
8.60
8.59
8.64
8.57
8.60
8.59
8.56
8.66
8.81
8.61
8.59
8.55
8.78
8.63
8.67
8.62
8.54
8.57
8.56
8.67
8.62
8.60
8.64
8.61
8.77
8.62
8.88
8.59
8.58
8.64
8.54
8.63
8.57
8.58
8.64
8.61
8.66
8.60
8.53
8.64
8.71
8.61
8.77
8.71
8.62
8.60
8.88
8.65
8.65
8.92
8.70
8.60
8.81
8.60
8.61
8.67
8.62
8.58
8.86
8.82
8.58
8.57
8.66
8.63
8.57
8.61
8.52
8.63
8.65
8.65
8.54
8.60
8.63
8.61
8.70
8.63
8.91
8.63
8.65
8.63
8.64
8.63
8.57
8.53
8.56
8.60
8.62
8.63
8.61
8.60
8.58
8.60
8.56
8.62
8.65
8.62
8.56
8.58
8.57
8.87
8.57
8.61
8.61
8.57
8.59
8.59
8.87
8.52
8.59
8.87
8.55
8.55
8.59
8.62
8.61
8.60
8.60
8.65
8.56
8.67
8.63
8.61
8.63
8.47
8.67
8.81
8.64
8.61
8.62
8.63
8.61
8.85
8.59
8.55
8.59
8.64
8.62
8.48
8.89
8.77
8.60
8.87
8.58
8.84
8.60
8.58
8.68
8.56
8.65
8.56
8.87
8.60
8.62
8.59
8.57
8.64
8.64
8.62
8.59
8.61
8.56
8.58
8.70
8.61
8.69
8.62
8.70
8.61
8.58
8.64
8.55
8.60
8.61
8.61
8.60
8.56
8.60
8.87
8.59
8.55
8.61
8.59
8.57
8.59
8.58
8.59
8.53
8.76
8.58
8.62
8.64
8.64
8.59
8.69
8.59
8.57
8.60
8.62
8.58
8.53
8.64
8.58
8.58
8.63
8.83
8.62
8.54
8.89
8.62
8.63
8.64
8.58
8.65
8.64
8.60
8.87
8.51
8.64
8.61
8.60
8.59
8.60
8.60
8.53
8.59
8.65
8.59
8.63
8.62
8.60
8.61
8.61
8.87
8.56
8.61
8.61
8.51
8.56
8.61
8.64
8.51
8.62
8.61
8.60
8.69
8.54
8.55
8.57
8.68
8.86
8.59
8.64
8.52
8.62
8.59
8.70
8.58
8.57
8.64
8.57
8.88
8.59
8.62
8.62
8.58
8.62
8.87
8.53
8.88
8.64
8.64
8.68
8.88
8.58
8.62
8.61
8.53
8.62
8.59
8.58
8.64
8.61
8.60
8.60
8.62
8.68
8.64
8.62
8.59
8.61
8.62
8.64
8.61
8.64
8.65
8.60
8.78
8.58
8.64
8.67
8.63
8.68
8.65
8.65
8.62
8.61
8.60
8.64
8.69
8.58
8.58
8.56
8.61
8.60
8.56
8.56
8.65
8.69
8.62
8.58
8.64
8.58
8.78
8.63
8.68
8.67
8.57
8.63
8.69
8.63
8.68
8.63
8.58
8.68
8.58
8.66
8.88
8.59
8.63
8.64
8.59
8.62
8.60
8.60
8.67
8.68
8.66
8.64
8.76
8.57
8.77
8.64
8.64
8.59
8.89
8.65
8.59
8.59
8.56
8.54
8.64
8.85
8.61
8.65
8.67
8.65
8.57
8.65
8.69
8.87
8.61
8.57
8.60
8.65
8.57
8.78
8.57
8.65
8.53
8.63
8.55
8.60
8.60
8.62
8.76
8.88
8.59
8.61
8.60
8.66
8.61
8.63
8.61
8.62
8.61
8.62
8.58
8.61
8.66
8.59
8.58
8.62
8.63
8.58
8.61
8.62
8.90
8.78
8.59
8.88
8.60
8.60
8.65
8.59
8.65
8.63
8.64
8.88
8.57
8.46
8.64
8.65
8.60
8.60
8.65
8.62
8.61
8.85
8.87
8.59
8.62
8.86
8.55
8.63
8.57
8.56
8.62
8.60
8.53
8.60
8.60
8.57
8.62
8.61
8.57
8.64
8.60
8.64
8.62
8.64
8.63
8.65
8.63
8.59
8.69
8.61
8.66
8.65
8.62
8.54
8.60
8.68
8.65
8.61
8.62
8.62
8.62
8.67
8.75
8.67
8.64
8.62
8.65
8.67
8.60
8.64
8.64
8.54
8.59
8.63
8.66
8.79
8.61
8.61
8.68
8.85
8.53
8.64
8.65
8.60
8.59
8.57
8.89
8.86
8.58
8.56
8.60
8.67
8.74
8.57
8.64
8.55
8.61
8.59
8.60
8.57
8.59
8.82
8.60
8.56
8.79
8.58
8.58
8.61
8.63
8.61
8.54
8.54
8.57
8.56
8.53
8.62
8.67
8.66
8.67
8.65
8.57
8.64
8.62
8.56
8.90
8.58
8.59
8.52
8.54
8.62
8.65
8.65
8.57
8.63
8.64
8.63
8.54
8.76
8.69
8.56
8.63
8.54
8.62
8.64
8.62
8.57
8.65
8.59
8.67
8.57
8.53
8.54
8.67
8.57
8.49
8.63
8.66
8.87
8.58
8.61
8.61
8.64
8.60
8.58
8.60
8.55
8.57
8.58
8.56
8.66
8.59
8.63
8.60
8.50
8.61
8.65
8.65
8.61
8.51
8.59
8.57
8.58
8.67
8.67
8.87
8.81
8.62
8.67
8.57
8.63
8.64
8.64
8.58
8.89
8.61
8.94
8.96
8.96
8.94
8.22
8.93
8.94
8.94
8.94
8.95
8.97
8.96
8.92
8.94
8.95
8.95
8.95
8.95
8.97
8.95
8.94
8.91
8.95
8.95
8.92
8.92
8.90