111.4
111.4
118.0
116.9
116.3
116.1
115.9
116.2
115.7
116.1
115.6
116.4
116.4
116.6
115.8
115.8
116.9
111.6
112.1
118.6
116.0
116.9
116.0
116.6
116.4
117.2
116.2
117.6
116.2
116.2
117.1
115.6
115.6
115.6
113.7
116.5
116.3
117.1
115.0
113.6
116.5
116.4
116.8
116.2
116.2
115.6
115.3
116.1
116.8
115.7
116.4
116.8
115.5
115.6
116.7
116.3
115.6
117.0
116.0
116.1
115.9
113.9
116.4
113.6
116.6
114.2
116.3
116.3
116.3
116.3
113.3
116.6
116.1
116.0
116.0
115.8
116.0
112.7
116.4
114.1
115.6
116.6
113.9
116.4
116.3
113.9
116.8
116.1
115.8
115.7
114.3
116.1
116.3
116.2
115.8
116.6
116.0
116.5
113.9
116.3
113.7
116.4
115.7
116.0
114.6
117.3
115.3
116.8
116.3
115.7
112.7
116.0
116.1
115.4
112.7
116.6
114.2
117.0
116.2
116.4
116.2
116.2
116.0
116.1
112.8
115.8
113.6
113.9
116.2
116.6
116.6
111.3
118.1
116.0
116.0
116.6
116.6
116.7
115.8
115.4
116.6
116.5
113.9
116.6
116.7
116.5
116.1
115.8
116.5
115.8
115.9
116.4
115.9
113.0
116.3
116.3
113.0
116.1
113.4
112.7
116.6
116.6
116.2
112.4
115.7
116.5
116.3
116.2
115.3
116.1
116.6
112.9
115.9
115.9
116.2
116.2
113.7
115.6
116.2
116.2
113.9
115.9
116.5
116.5
116.1
116.3
116.0
115.5
116.1
116.1
116.4
116.2
116.9
115.9
112.4
114.5
115.6
114.1
116.3
116.3
116.5
113.2
116.0
115.8
113.9
116.6
116.0
114.0
113.5
116.9
116.8
116.1
116.4
113.0
116.2
112.7
116.1
116.0
115.9
116.1
116.3
113.9
116.4
116.3
115.9
117.0
116.6
116.8
116.3
116.5
115.3
115.7
113.5
116.7
112.8
116.1
116.3
116.0
116.2
115.9
113.0
116.1
116.5
115.9
115.8
116.2
115.7
115.9
115.9
116.5
115.9
116.1
115.8
113.3
115.4
115.8
116.6
116.1
116.3
113.6
116.1
113.8
117.2
116.1
116.3
114.0
116.0
115.6
115.6
116.0
116.0
116.7
116.1
116.1
112.7
117.3
113.4
115.7
116.2
116.3
117.0
115.5
115.7
116.1
112.6
114.9
113.6
116.1
116.2
116.0
116.3
116.1
113.8
116.0
115.9
112.9
116.9
116.8
115.7
116.1
116.4
116.5
113.8
113.8
116.8
116.1
116.4
115.9
115.5
115.6
116.2
116.2
116.1
116.5
116.0
115.7
113.4
116.4
115.8
117.0
116.2
113.6
115.9
115.4
114.6
115.6
116.6
115.9
115.4
115.5
113.7
115.6
116.2
116.4
114.3
116.3
113.6
115.6
116.0
112.2
116.0
116.5
115.8
116.5
116.6
116.2
116.1
116.1
114.4
115.8
115.8
112.6
116.1
116.0
114.0
115.8
115.8
116.7
116.7
116.0
116.2
115.3
116.1
114.3
116.5
116.1
115.4
115.9
115.7
114.1
113.4
116.3
113.7
115.5
116.2
114.1
115.7
116.1
116.1
116.1
115.5
116.0
116.1
116.0
116.7
113.3
115.4
116.1
116.3
116.0
116.0
115.9
116.2
115.4
114.0
116.3
116.1
116.3
116.3
115.5
115.7
113.8
115.9
116.2
114.9
114.6
116.4
115.4
115.9
115.9
116.1
116.3
116.1
113.5
115.6
115.8
116.4
116.0
116.7
116.3
116.6
116.3
116.3
116.7
116.1
116.0
115.6
116.3
115.5
115.8
114.8
115.8
116.6
113.4
115.4
113.7
116.0
113.6
116.4
114.1
116.5
115.8
116.3
116.3
116.2
115.8
116.2
115.7
116.1
113.6
116.7
115.9
116.5
116.3
116.1
116.4
114.0
116.9
113.2
116.3
116.6
116.3
116.6
116.6
116.1
115.8
112.3
116.7
116.4
116.0
116.7
115.6
116.0
116.5
115.7
115.7
113.6
117.1
115.9
116.6
116.6
116.4
116.0
116.3
115.9
116.5
116.3
113.6
115.7
114.9
115.9
115.7
116.3
113.2
116.3
116.4
112.2
113.8
116.7
112.8
113.8
116.8
116.4
116.8
115.6
114.3
115.5
116.3
115.7
115.8
112.7
116.7
116.1
115.8
115.6
116.2
113.6
115.4
115.6
116.1
113.6
112.9
114.1
116.5
116.4
113.2
114.6
116.5
116.6
116.2
116.8
115.9
116.7
116.6
116.2
116.4
116.2
116.5
112.8
115.2
115.4
114.4
115.8
113.8
116.9
113.1
115.9
116.3
112.6
116.6
115.8
116.3
113.2
114.0
116.6
116.3
116.8
113.2
117.1
112.6
116.1
116.2
116.1
116.4
116.7
116.7
116.1
116.1
115.8
112.9
115.7
114.2
116.0
112.7
115.0
115.5
113.4
116.4
113.4
116.7
116.0
116.2
116.1
116.1
116.0
115.8
112.7
114.3
116.3
116.2
116.6
116.8
114.8
113.6
115.9
116.4
116.4
116.3
116.2
116.2
114.1
116.3
116.0
116.9
116.3
113.9
114.6
117.1
116.0
113.1
116.2
116.2
116.3
116.4
116.4
115.9
116.4
116.8
115.4
113.8
115.8
112.7
114.3
115.6
116.3
116.0
116.1
115.4
115.7
116.8
116.1
114.1
117.0
116.9
113.1
116.0
112.7
116.8
116.5
115.6
113.1
116.5
116.1
115.8
114.0
116.3
116.2
116.7
115.9
116.9
115.0
113.5
116.7
116.1
116.3
116.2
115.8
116.4
116.0
116.3
116.6
116.4
116.3
116.6
116.2
115.9
116.3
116.0
116.5
113.6
116.1
114.0
117.1
114.0
116.7
113.2
116.0
116.5
116.8
116.6
116.7
116.6
116.5
116.5
115.9
116.1
116.5
116.4
116.6
115.9
112.6
116.7
116.4
117.0
114.2
114.1
116.1
116.9
117.3
117.4
116.5
116.2
115.9
115.9
112.7
114.2
116.5
116.1
112.7
116.2
116.4
116.3
117.3
116.5
116.5
115.8
115.6
116.2
115.8
117.0
115.7
116.7
114.2
115.7
116.6
115.9
116.5
116.5
115.9
116.1
116.2
116.0
112.8
116.5
116.0
116.8
113.5
116.8
116.6
116.5
116.6
116.6
116.7
116.9
116.3
116.4
113.3
116.9
116.3
113.7
116.7
116.7
116.3
116.8
114.1
116.3
113.6
115.9
116.1
116.6
116.6
116.2
116.9
116.6
116.2
116.5
116.2
116.5
116.9
116.0
113.7
116.7
116.2
116.5
115.8
116.5
116.4
116.6
117.1
116.5
112.6
116.6
114.1
114.2
115.6
113.8
116.7
115.7
116.6
116.7
112.6
116.1
114.4
116.8
113.9
116.2
112.8
116.7
116.3
112.7
116.4
114.1
116.5
116.8
116.5
116.5
116.4
115.8
116.3
116.3
116.4
113.8
113.0
116.7
116.3
116.9
116.2
112.8
116.4
114.1
116.1
116.4
114.0
114.3
116.5
116.5
115.8
116.5
116.5
116.2
116.5
112.4
114.5
116.5
116.0
113.6
115.6
116.4
113.5
116.0
112.7
117.0
116.7
116.6
116.7
117.3
116.4
115.4
116.8
113.6
115.8
114.0
117.8
113.4
116.4
116.4
116.5
116.4
116.1
113.7
113.5
116.5
116.1
116.8
117.2
116.7
116.3
116.9
115.6
116.6
116.2
112.6
115.8
116.9
116.6
116.8
115.6
116.1
115.9
111.9
111.8
115.9
118.3
116.0
117.2
116.5
117.5
116.3
116.8
116.3
116.6
116.1
117.0
116.1
112.6
116.5
116.8
116.4
117.2
115.8
117.0
116.3
117.6
117.0
115.8
116.4
112.5
116.3
116.7
115.6
116.5
116.3
115.9
116.0
116.8
115.9
117.3
116.1
115.8
115.2
117.1
116.3
116.8
116.8
115.6
115.8
116.4
116.6
116.4
116.3
112.7
118.1
118.5
117.0
114.1
116.7
117.5
116.1
116.7
117.1
116.8
115.7
116.5
116.5
116.2
116.1
115.9
116.2
116.5
116.9
116.9
116.6
116.6
116.2
116.8
116.9
115.6
116.0
113.9
116.6
113.1
116.2
116.6
116.3
114.5
116.5
117.3
113.8
116.7
116.2
115.8
116.5
116.2
113.1
116.3
116.5
113.5
117.0
116.1
117.0
116.0
116.1
113.1
116.4
116.7
116.1
115.2
112.5
112.6
116.8
114.0
116.6
116.2
117.0
115.9
113.2
116.0
116.7
117.0
113.0
116.1
116.3
115.9
116.9
115.8
116.9
115.5
115.9
116.7
117.1
116.0
117.1
116.7
116.6
116.2
116.0
114.8
116.2
116.7
115.0
114.1
115.8
117.1
116.2
116.9
116.3
116.3
116.1
115.7
116.4
116.4
116.5
116.1
116.0
114.0
116.3
116.4
115.8
116.4
116.6
116.1
115.9
116.6
116.0
116.1
115.6
115.0
116.0
115.7
115.9
115.9
113.7
116.6
116.8
115.7
116.2
116.7
115.8
116.3
115.8
116.2
117.2
116.7
116.9
116.7
113.6
116.4
116.0
116.4
115.9
113.3
117.5
116.6
113.6
115.8
116.1
116.1
117.0
112.7
116.3
115.7
114.2
116.5
115.8
116.5
113.5
116.0
115.5
116.2
116.6
114.8
116.4
116.5
116.4
115.9
116.1
116.0
116.3
112.6
116.7
116.8
116.0
116.6
116.9
116.6
115.9
116.3
116.8
113.9
116.2
112.5
116.4
116.1
115.9
116.3
117.2
116.7
116.1
114.3
117.0
115.5
116.6
113.7
114.0
116.7
117.2
116.2
113.9
115.9
116.1
116.6
113.9
116.0
116.2
116.2
117.1
115.1
116.1
116.8
116.2
116.6
116.1
116.1
115.4
116.3
113.6
116.4
113.6
115.5
116.3
116.5
115.7
113.9
116.9
113.8
116.1
116.9
116.2
116.4
117.5
115.5
113.2
115.7
112.6
116.9
116.7
114.8
116.5
115.7
116.7
116.1
116.5
115.7
116.7
113.0
116.9
115.5
116.8
115.7
116.2
116.3
116.2
117.1
116.6
116.3
116.5
113.3
116.1
115.6
116.4
116.4
115.8
116.4
113.9
111.8
111.8
116.0
116.2
116.7
116.7
115.5
116.4
116.0
116.5
116.5
117.0
117.1
115.9
115.8
115.9
116.3
115.9
116.7
116.3
116.0
115.9
116.0
114.3
116.7
115.6
112.4
115.9
115.7
115.9
115.9
116.0
114.0
116.7
115.7
112.6
116.9
116.4
116.4
116.8
116.8
116.1
115.8
116.3
115.7
117.0
117.1
116.0
117.2
115.6
113.7
116.1
116.6
116.2
116.0
116.1
116.7
112.4
116.0
116.7
115.9
116.6
116.5
116.2
113.7
116.3
116.2
117.2
116.4
116.5
116.0
116.3
116.3
116.1
115.9
115.7
116.5
112.7
116.0
116.7
116.2
115.9
116.7
116.3
116.3
116.0
115.8
112.9
116.1
116.0
116.1
116.4
116.5
117.4
114.6
116.9
116.1
116.1
114.2
115.9
116.1
116.0
116.4
116.3
116.6
116.3
116.1
115.0
116.4
116.5
115.6
115.5
116.1
116.8
116.1
116.2
115.9
116.8
115.8
116.5
116.4
112.6
116.7
116.4
116.6
115.9
115.6
115.7
116.2
116.1
115.6
116.1
115.8
115.4
116.2
116.5
112.6
116.8
116.7
112.3
115.8
116.0
115.6
112.6
116.2
116.5
115.8
115.9
116.7
116.6
115.9
117.2
116.3
116.2
116.8
116.4
114.1
116.0
116.3
116.0
115.7
112.7
116.7
116.1
113.8
115.9
113.0
117.2
117.0
116.4
115.8
116.3
116.0
112.7
112.3
115.6
117.1
112.9
116.1
116.4
116.7
118.3
115.0
114.6
116.2
114.9
115.3
116.6
116.4
116.4
112.4
113.6
115.8
115.9
116.3
113.6
116.3
116.3
116.7
116.3
116.4
115.7
116.6
116.3
116.4
116.8
115.5
113.5
116.1
116.5
117.0
113.9
115.8
115.4
116.0
117.1
116.8
116.9
115.3
116.0
116.3
115.7
116.2
114.0
116.1
112.7
116.4
116.6
115.8
117.1
115.9
116.6
116.5
115.7
116.1
115.5
116.3
117.2
115.8
114.8
116.1
114.1
114.8
116.0
116.3
112.6
115.6
115.6
112.1
115.0
116.3
113.5
116.3
116.2
115.3
116.0
116.5
112.8
113.4
116.6
116.7
115.4
115.9
116.7
116.2
117.4
115.9
115.6
115.6
117.1
116.3
115.9
116.1
114.9
115.9
112.3
115.9
115.6
115.9
115.8
115.8
116.7
117.3
116.8
116.2
116.0
115.9
116.1
116.3
116.6
116.3
116.8
116.0
115.6
115.9
116.8
116.5
116.6
112.7
116.6
116.2
116.1
116.7
116.4
116.5
112.7
117.3
116.4
112.8
117.0
117.0
116.4
115.9
116.2
116.3
116.3
115.6
116.8
115.3
115.8
116.1
115.8
118.0
115.3
113.6
115.7
116.2
116.1
115.8
116.2
113.0
116.4
117.0
116.4
115.7
116.0
117.9
112.5
114.1
116.2
112.7
116.5
113.1
116.3
116.6
115.2
116.8
115.6
116.8
112.7
116.3
116.1
116.5
116.7
115.7
115.7
116.1
116.4
116.1
116.8
116.5
114.9
116.2
115.1
116.0
115.0
116.2
116.5
115.7
117.0
116.2
116.1
116.1
116.2
116.8
116.3
112.7
116.4
116.9
116.1
116.5
116.7
116.4
116.5
116.4
117.2
114.1
116.5
116.0
115.8
115.7
116.4
115.0
116.4
116.6
116.3
116.0
116.5
117.3
115.7
116.6
116.5
115.9
113.3
115.9
117.1
112.5
116.1
115.8
115.8
116.6
115.7
115.8
116.3
112.7
117.5
115.8
116.2
116.2
116.4
116.3
116.2
117.2
116.5
115.6
116.4
115.9
116.0
116.3
116.2
116.2
112.8
116.8
116.1
116.1
117.6
116.8
116.1
115.8
117.5
116.0
116.2
116.3
115.1
117.1
117.0
116.6
115.2
112.9
116.5
115.8
117.3
116.0
116.4
115.0
116.6
116.7
115.8
116.7
112.6
116.4
116.1
116.1
116.6
115.9
112.7
117.3
112.7
115.7
115.7
115.2
112.6
116.6
116.1
116.2
117.2
116.0
116.4
116.5
115.7
116.1
116.3
116.2
116.1
115.2
115.8
115.9
116.4
116.1
116.0
115.8
116.2
115.7
115.6
116.2
113.9
116.6
115.8
115.4
115.8
115.2
115.6
115.6
116.0
116.1
116.3
115.7
115.0
116.6
116.6
116.8
116.2
116.2
116.8
116.8
115.6
115.1
116.0
116.6
115.7
116.5
113.9
115.9
115.3
115.4
116.7
115.8
115.0
115.8
115.2
115.8
116.6
115.2
116.5
115.5
112.7
116.4
115.8
115.8
116.4
116.0
116.3
116.3
115.4
115.2
115.5
115.8
114.2
116.7
114.0
115.8
115.8
116.4
112.5
115.6
116.4
116.4
116.9
117.0
115.7
113.0
116.1
115.6
115.3
115.7
116.7
115.6
115.1
112.7
116.2
116.7
116.3
115.7
116.7
113.9
116.6
115.5
117.3
115.8
117.0
116.3
116.2
116.1
114.1
112.6
116.4
116.1
116.3
115.5
116.2
115.8
116.2
116.0
116.1
116.1
116.6
116.1
115.4
116.4
116.5
116.0
115.9
116.5
116.1
116.1
112.3
113.8
116.4
112.6
116.3
116.3
115.6
116.5
115.6
115.9
115.7
112.7
116.7
118.2
115.8
115.6
116.3
116.3
115.5
116.0
116.2
113.0
112.8
116.4
116.0
112.8
116.9
115.8
116.7
116.9
116.0
116.3
117.2
116.3
116.3
116.7
116.0
116.1
116.7
115.7
116.3
115.8
116.0
115.7
115.9
115.6
115.9
116.5
115.1
116.1
115.5
115.6
116.0
117.0
116.2
115.2
115.6
116.2
116.1
116.0
116.0
115.4
114.3
115.3
115.8
116.1
115.6
115.3
116.3
115.7
115.8
117.1
116.4
115.9
115.4
113.8
116.1
116.2
115.2
112.9
117.3
115.8
115.6
116.3
116.5
116.6
112.5
112.9
116.5
116.8
116.3
115.4
114.5
116.6
115.7
117.0
116.1
116.4
116.2
116.7
116.4
113.3
116.3
116.8
113.8
116.6
116.5
116.1
115.9
116.1
117.1
117.1
116.7
116.8
117.3
116.0
115.3
115.5
115.4
115.6
116.6
115.7
116.0
116.8
112.3
116.6
116.3
117.3
117.1
116.0
115.6
115.6
116.7
115.9
115.7
115.8
117.1
114.1
115.1
116.8
115.9
117.1
116.0
115.8
116.0
116.7
115.6
116.4
115.4
116.7
117.2
117.0
115.4
116.7
117.7
115.9
115.5
112.8
116.5
116.1
116.2
115.8
116.2
116.6
116.3
116.9
116.7
116.6
116.9
115.5
116.4
115.9
116.2
117.6
116.1
115.5
115.6
116.1
117.5
116.5
116.7
116.5
115.4
115.3
112.8
113.5
116.1
115.3
116.7
115.9
115.7
115.8
116.5
112.4
116.1
111.9
111.6
111.6
111.6
111.6
111.8
121.6
111.9
111.8
111.9
111.8
111.8
111.5
111.7
112.1
111.9
111.8
111.8
111.8
111.7
111.4
111.7
111.9
112.2
111.8
111.8
112.1
112.1
112.4